
--- Solving Linear System Ax=b (JACOBI) ---
A=
[[ 1. -1.  0.  0.  0.  0.  0.  0.  0.  0.  0.]
 [-1.  5. -1.  0.  0.  0.  0.  0.  0.  0.  0.]
 [ 0. -1.  5. -1.  0.  0.  0.  0.  0.  0.  0.]
 [ 0.  0. -1.  5. -1.  0.  0.  0.  0.  0.  0.]
 [ 0.  0.  0. -1.  5. -1.  0.  0.  0.  0.  0.]
 [ 0.  0.  0.  0. -1.  5. -1.  0.  0.  0.  0.]
 [ 0.  0.  0.  0.  0. -1.  5. -1.  0.  0.  0.]
 [ 0.  0.  0.  0.  0.  0. -1.  5. -1.  0.  0.]
 [ 0.  0.  0.  0.  0.  0.  0. -1.  5. -1.  0.]
 [ 0.  0.  0.  0.  0.  0.  0.  0. -1.  5. -1.]
 [ 0.  0.  0.  0.  0.  0.  0.  0.  0. -1.  2.]]
b=
[0.         0.98006658 0.95533649 0.92106099 0.87758256 0.82533561
 0.76484219 0.69670671 0.62160997 0.54030231 0.        ]
x=
[0.32429539 0.32429539 0.31711497 0.30594298 0.29153895 0.2741692
 0.25397146 0.2308459  0.20355134 0.16530081 0.0826504 ]
